[FLAKON]
name=Флакон
ip=192.168.1.252
port=1024
type=1

[PRM300_ZG]
id=0
name=Зеленоградск
ip=192.168.1.28
port=155
latitude=54.960833
longitude=20.492778
geo_altitude=32
altitude=32
trace=0
wire_length=70
type=2

[PRM300_MOR]
id=1
name=Морское
ip=192.168.1.27
port=155
latitude=55.2202787
longitude=20.909167
geo_altitude=45
altitude=45
trace=0
wire_length=70
type=2

[PRM300_TARAN]
id=2
name=Таран
ip=192.168.1.125
port=155
latitude=54.959444
longitude=19.979444
geo_altitude=84
altitude=84
trace=0
wire_length=70
type=2