[FLAKON]
IP=192.168.1.252
Port=1024

[ZG]
Id=0
Name=Зеленоградск
Latitude=54.960833
longitude=20.492778
IPprm300=192.168.1.28
IPADC=192.168.1.28
portADC=155

[MOR]
Id=1
Name=Морское
Latitude=55.220278
longitude=20.909167
IPprm300=192.168.1.27
IPADC=127.0.0.1
portADC=155

[TARAN]
Id=2
Name=Таран
Latitude=54.959444
longitude=19.979444
IPprm300=192.168.1.125
IPADC=127.0.0.1
portADC=155