Lat= 54.960833; Lon= 20.492778; H= 30.0;
Lat= 55.220278; Lon= 20.909167; H= 14.0;
Lat= 54.959444; Lon= 19.979444; H= 25.0;