[СОФЬЯ]
Id=1
name=Софья
Latitude=60.017800
longitude=30.414900

[ТОКСОВО]
Id=2
name=Токсово
Latitude=60.165300
longitude=30.54270

[ВСЕВОЛОЖСК]
Id=3
name=Всеволожск
Latitude=60.029100
longitude=30.62920